5.987107
5.941341
6.324949
5.705084
5.654601
6.049478
5.915319
4.822248
5.460548
6.836777
6.428733
6.446346
5.307701
6.356674
6.048085
6.164386
5.01438
5.219295
5.884044
6.073839
5.521732
6.727278
6.16936
5.406525
4.925427
5.500388
4.839798
5.948625
6.290919
5.915926
5.265499
5.207164
6.948629
6.397743
5.449822
6.769122
6.402765
6.355667
5.367732
6.999491
6.038162
6.111584
6.009575
5.454932
5.480817
6.226972
5.108109
6.088101
6.253273
5.377968
5.563387
5.661015
5.860088
5.943691
6.720642
5.484861
5.366751
5.435525
6.006093
5.488378
4.885539
6.463801
5.329203
6.19246
5.307363
5.107418
5.913757
5.376511
6.248038
5.523017
5.086182
6.712107
4.865269
6.109024
5.513849
5.516415
5.432074
5.169961
5.081731
6.478254
5.978903
5.410815
5.643495
6.674524
6.425768
5.791195
4.791939
5.829114
6.95007
5.622471
5.505292
6.912914
4.836604
6.892683
5.998037
5.332363
6.276337
6.095258
5.679386
6.072142
5.885811
6.412233
5.021379
6.198182
5.395591
5.400306
6.284535
5.708065
6.141132
5.806459
6.249025
6.285135
6.369998
5.221114
5.837026
5.411015
6.079158
5.370718
6.671854
5.953457
5.73468
6.453721
7.041514
6.08688
5.70655
6.016293
6.110874
6.509914
7.262565
5.549122
5.955859
5.910422
6.888629
6.188798
6.121332
5.565832
7.075377
5.287181
6.065438
5.5581
5.203078
6.33176
5.955189
5.723615
5.042368
5.238608
5.325114
5.055794
5.178173
5.68785
5.989479
5.533809
4.823333
6.712094
6.069767
6.132747
5.624718
5.24287
4.712216
5.912731
5.848096
7.05973
4.907331
5.829588
4.06953
5.914201
5.138266
4.966595
5.745109
5.763827
5.334286
6.081292
5.605308
5.13967
4.842546
6.424478
5.908521
5.882907
5.187845
6.540028
6.324872
6.209087
5.648407
5.911944
6.308318
5.308015
5.136926
6.260956
7.401225
5.175226
5.354559
6.08989
5.599241
6.100998
6.140119
6.579584
5.465475
5.857334
6.405036
6.405639
5.273241
5.634262
5.682576
5.727215
6.542464
5.279675
5.309488
5.826078
5.883536
5.087587
6.024734
6.133844
6.435422
5.117383
5.763086
6.135153
6.359097
5.474071
5.962602
6.153751
5.95061
6.646567
5.281367
5.754759
5.434708
5.854033
6.097425
5.726533
4.9249
5.695353
5.234924
5.800351
6.617234
5.513116
4.641935
5.884869
6.337466
5.278231
5.666091
5.405035
6.035683
6.145569
5.583329
5.431033
5.148747
5.39105
5.314535
5.085929
6.64116
5.40251
5.376404
5.543769
6.917172
6.023178
6.796944
5.493999
5.982681
5.667668
5.279283
6.176272
5.910485
6.097042
6.917933
5.410119
5.868334
5.917132
5.543879
5.938576
5.981446
5.01192
5.386564
6.134929
6.998481
5.575138
5.304579
4.97492
5.946418
5.45844
5.331314
6.268307
5.990518
6.029002
6.609766
5.911448
5.565412
5.051927
5.270722
5.154544
6.550766
6.046057
5.184062
6.738624
6.525567
5.680694
5.324318
5.518229
5.227646
5.781393
5.77394
6.049507
5.634542
5.689018
6.165979
6.354726
6.16897
4.912005
6.082073
5.316634
5.720581
6.045248
5.916753
5.379434
4.8533
6.472499
6.184492
6.106287
6.172968
4.705578
6.576004
5.559555
6.059811
6.452274
5.998482
6.406964
6.426874
5.736525
4.74405
5.306158
5.808277
5.087901
6.534147
5.723972
6.38069
6.148219
6.630877
5.862285
6.612374
5.523192
5.086879
6.161176
4.57362
5.493545
5.501109
5.48457
6.127678
5.1832
6.194008
6.07744
5.894483
6.059869
5.022129
6.087935
5.322678
4.869684
5.28302
6.412294
6.464158
5.031757
6.310499
5.760631
6.648545
6.941795
6.823009
6.454999
5.353859
6.078831
5.632917
6.222306
5.610327
5.341129
5.860594
4.989302
6.370623
6.1994
6.325064
5.939359
5.913642
5.734153
7.498868
5.31895
6.234504
4.994213
6.212741
6.732767
6.367905
5.876611
5.695068
6.065414
6.79314
4.860122
6.11902
6.120811
5.266111
5.935441
6.897614
6.084538
6.912189
6.86902
5.720406
5.062784
6.713834
5.301847
4.733516
6.097228
6.539408
5.244913
6.071381
5.501629
6.53507
5.986089
6.343587
7.274344
6.368485
5.78628
5.308165
5.907818
5.181542
5.87355
6.472002
6.43937
6.912465
4.905544
5.192537
6.062524
5.910634
4.912042
5.009977
5.694333
6.456622
4.471318
6.454447
5.249593
5.407724
5.833057
5.075786
5.350187
6.226474
5.563376
6.206264
6.119053
6.293816
4.890455
6.048064
5.38614
6.455406
6.063607
6.043526
5.050887
7.087102
4.682135
6.673376
6.743752
5.275518
5.322558
6.912643
5.912466
6.713544
4.999875
5.874803
5.37354
6.566761
5.9528
5.062251
6.120616
5.779048
5.509256
6.215477
6.139428
5.687901
5.654194
5.474394
5.182816
5.459285
5.906731
6.086825
6.061782
5.782153
4.78438
4.752283
4.692295
5.720436
6.912818
6.157272
6.176365
7.046319
5.722018
5.904268
5.023055
6.376696
6.894491
5.996099
5.778698
5.779391
6.309365
6.158696
6.156597
5.543049
5.912561
5.108558
6.14871
5.31706
5.084337
5.347711
5.803166
5.296765
4.408849
4.584265
6.580687
5.275983
5.017913
5.314938
5.715133
6.284621
6.21978
6.241378
5.638354
5.028392
5.199183
6.009336
5.813559
6.427212
5.78536
5.638862
6.445462
5.935409
6.051534
5.332581
5.971007
5.327389
5.418473
6.024738
6.143051
4.96466
5.844314
5.669987
6.434315
5.691223
5.133352
6.120757
6.436139
5.197231
6.415656
5.671493
6.25057
6.250455
5.785915
6.569193
5.505949
4.946035
5.244606
5.408857
5.136469
4.870599
5.616593
6.264349
5.847036
5.229188
6.133998
5.960985
5.775857
6.020859
5.521691
5.965279
5.917739
4.753079
6.206776
5.638739
5.546885
6.028964
5.034934
5.927496
5.895846
5.234086
5.72434
5.725937
5.011274
5.431302
5.374076
6.700665
6.065411
5.052713
6.045536
6.098741
5.255078
6.246823
5.917997
6.302523
5.103214
5.545541
6.190333
6.912705
4.535026
4.494116
6.509854
6.077311
5.611739
7.124642
6.415845
6.031366
4.915993
6.191138
5.215795
5.153103
6.95692
5.84134
5.932784
6.251896
6.677982
5.866401
6.314958
5.314234
5.585838
4.924299
5.115618
5.583096
5.865707
4.910286
5.274369
6.702428
6.149996
4.851708
5.938714
5.328097
6.020487
5.185459
6.324074
6.826897
5.075371
5.862399
4.864256
5.172343
6.103078
5.582099
5.815268
4.983821
6.342071
5.964889
6.162745
4.94208
6.102843
4.877225
6.778073
5.607882
6.088876
5.891483
6.087721
5.760503
5.266663
5.63284
5.769655
6.575605
5.11837
5.134144
6.313891
5.472826
5.785369
6.172717
6.314211
5.41715
6.951365
6.715172
5.921447
5.841737
6.243494
5.951663
6.808266
5.860447
5.916191
5.805732
5.298186
5.704207
5.900603
5.54541
6.115712
5.504252
5.426166
5.99112
6.009464
6.731239
6.029825
5.097796
6.772266
5.909515
5.839228
6.767983
5.635307
5.961409
6.176234
5.748132
6.745235
5.087781
5.227559
6.284817
6.527307
5.80996
5.370891
6.188748
5.420403
5.846538
6.336116
5.909563
6.376133
5.876652
6.472475
5.730325
5.541773
5.497987
6.170851
5.551157
5.449803
5.183428
6.42833
6.22885
5.178165
5.17638
5.574186
6.28491
5.565471
5.575361
6.215399
5.138481
6.643588
5.259673
5.970166
5.981552
5.069375
5.81231
5.189397
5.347821
5.561316
5.265496
6.258011
6.846309
5.772797
5.913067
5.122906
6.043811
5.726265
6.254004
6.032423
6.542382
7.189081
6.103223
6.912775
5.10223
5.333457
4.949047
4.636713
5.985539
5.145498
5.800987
5.418971
6.770458
6.247288
6.745965
6.111819
6.80588
7.053342
6.087622
5.530275
6.441441
5.932084
5.238585
5.875402
5.701703
5.543399
5.973137
6.895246
5.372982
6.063179
5.6426
5.160888
5.433984
5.26077
5.785749
4.916241
6.123319
5.759201
6.319544
5.290103
5.912277
4.483647
6.307471
4.931281
5.877494
5.742604
5.595367
5.201659
5.716774
6.0466
5.204238
4.891579
5.81124
5.519422
5.494595
5.479967
5.536361
6.066995
6.531578
6.029035
5.675941
5.173966
6.19506
5.658923
5.192671
5.664808
6.451558
5.234964
5.778949
6.348882
6.47647
6.719535
5.858484
5.91173
5.995004
6.061267
5.911724
5.36363
5.337211
6.078899
6.316538
6.390176
5.668043
6.1667
5.96371
5.912213
5.936783
5.788698
5.768102
5.425832
6.180873
5.471011
4.97116
6.998253
4.916195
5.303097
6.242903
6.406409
5.431005
5.422477
7.136436
4.852484
5.094453
5.920308
6.056196
5.939973
5.574688
6.693717
5.879898
5.508741
6.039436
6.11182
5.006801
5.688532
5.840102
6.357587
6.390553
5.972926
6.397715
4.898565
5.861822
5.719204
5.480261
6.90455
6.100772
5.063862
5.744381
5.82191
5.761511
6.163988
5.635264
6.038994
6.576622
5.268848
6.785873
5.448069
5.785546
5.086512
5.949232
5.579405
6.446441
5.992042
6.027498
6.133251
5.612719
6.095591
6.244957
5.965943
6.560025
5.244758
5.277693
5.264047
6.188201
6.184536
6.504771
5.534424
7.170623
6.760101
6.204107
6.758238
6.216017
4.994738
5.97379
4.684976
5.033041
6.386867
5.320873
6.483157
5.876895
6.030433
4.822075
5.864087
5.988515
6.803704
5.328397
6.209158
6.005451
6.057693
6.057774
5.865448
5.176419
5.878096
4.981332
5.152972
6.791812
5.867006
4.973155
5.487133
5.079282
4.950173
5.57251
4.583959
4.877533
5.353692
6.244646
6.322781
5.268755
5.926751
5.596735
5.81664
6.608199
5.157263
6.601318
6.37632
5.561802
6.770087
6.174527
5.434628
6.386806
5.909741
5.077118
5.035289
5.179676
5.523606
5.459896
6.715565
5.80928
5.860396
6.179201
6.246453
5.427221
6.200048
6.816302
6.245154
5.50958
6.005412
6.063584
5.741876
5.087204
5.977987
5.905238
5.263305
6.843663
5.439351
5.431039
6.18987
6.837942
5.484855
6.390979
5.972633
5.08516
6.328938
6.307633
5.19936
5.248268
6.466493
5.927959
5.916686
6.320165
6.234946
6.566519
6.727358
5.099733
5.684233
5.586751
4.729363
5.638571
6.410985
7.000223
6.344687
5.056703
5.036733
6.386294
6.614417
5.742361
5.420976
5.510692
6.397116
5.511037
5.106308
6.315727
5.917255
6.805715
6.699923
6.108415
7.306243
6.511125
7.078288
6.21722
6.216436
5.645889
6.374133
6.232958
4.914944
4.725211
5.125967
6.312472
5.709792
6.300465
5.059606
5.059898
6.511304
5.148171
5.649853
6.096017
5.870773
5.158972
5.654774
5.073528
5.879903
6.586193
5.498029
6.63178
6.114197
6.028571
6.907101
6.533474
5.4956
6.174481
6.943992
6.723207
5.388036
5.230171
5.301315
5.863907
7.045307
6.374423
6.224139
6.084624
6.793998
6.058646
6.317219
4.605825
5.930278
6.87223
5.135356
6.107984
5.787995
5.6085
5.896826
5.718875
5.737111
6.212736
5.334637
6.054157
5.474246
5.261916
6.894171
5.365524
6.347789
5.324489
6.038588
6.004208
5.969633
4.617841
5.846124
5.7254
5.884371
5.865462
4.977073
6.179973
5.236354
6.42711
6.907542
5.736404
5.009253
5.806841
5.189922
4.926565
6.328115
5.645053
7.315595
5.809418
4.580085
5.155083
4.345783
5.63835
5.85273
5.584365
6.312939
5.072407
4.960574
5.95714
6.267005
6.599077
5.008233
4.675301
5.086398
4.703444
5.608605
5.323824
5.128588
5.500168
5.74521
6.03946
5.580781
5.108713
5.40582
4.534081
5.173341
6.073255
4.736229
5.518367
6.375724
5.265278
6.362492
5.869861
5.489196
6.052192
5.288529
7.104349
5.90375
5.153711
5.80805
6.142273
6.018774
5.922666
5.882862
5.843782
4.506812
5.833975
5.913262
5.090591
5.103335
5.195626
5.534945
6.504094
5.236669
5.053859
6.024691
5.988656
4.83512
6.791906
6.021676
7.283206
5.741329
5.656257
4.525643
6.22258
4.912912
5.57549
4.907195
5.783719
6.100292
6.080379
5.087708
5.98607
5.864296
7.18769
5.911963
6.770277
6.625442
5.087176
6.479848
5.998579
6.088248
6.354457
5.131352
5.198559
5.059702
5.191854
6.396674
6.067117
5.083916
6.797186
5.443745
5.471438
6.208125
6.712457
6.118507
5.01038
6.096323
6.735252
6.519439
5.493389
5.425421
6.909043
5.612602
5.923919
6.030876
5.346691
6.033299
5.451012
5.370446
5.052463
6.140447
6.215931
5.703935
5.867373
5.317005
4.983798
5.3657
5.903572
5.624159
4.837198
5.665231
4.9973
5.911845
5.912922
5.641164
5.387918
6.183183
7.058727
5.733462
5.259862
5.418087
5.849738
5.833316
5.417265
5.229981
5.7531
6.016923
6.296486
6.784762
6.275441
5.854264
5.894833
5.482067
6.217298
6.13336
5.268117
5.511072
6.639413
6.598609
5.983229
5.435688
6.206174
5.202855
5.683154
6.232236
5.507263
5.469213
6.324749
6.209184
6.862435
5.055799
6.905149
5.529565
7.685672
6.008077
5.87993
6.137221
6.129485
5.402294
5.927899
5.178592
5.835938
5.591569
5.131258
5.88787
4.78711
6.154883
5.247078
5.329932
5.793412
5.086367
6.152392
5.781282
5.881621
5.00572
5.802273
6.045694
6.254144
6.168186
4.705424
4.338941
5.741287
5.761926
6.630657
5.2638
